geometric_params:
  # Units: [m, deg]
  r_c: 0.145
  ang_b_m: 54.735610
  r_b: 0.20506096413551428
  d: 0.035
  r_e: 0.076360985

  r_s_piv: 0.2511473651308862
  r_s_m: 0.116
  r_s_elb: 0.086
  r_s_epl: 0.084

  # Left elbow or right elbow
  krl: -1 # +1 for right elbow; -1 for left elbow